01/11/2022 , 00:12:08 , 20.91 , 16.52 , 16.52 , 16.52 , 16.33 , 16.44 , 16.38 , 16.44 , 21.15 , 21.25 , 21.1 , 20.86 , 21.02 , 0.0 , 20.78 , 16.44
01/11/2022 , 00:27:09 , 20.89 , 16.47 , 16.36 , 16.63 , 16.23 , 16.36 , 16.42 , 16.42 , 21.1 , 21.15 , 21.0 , 20.97 , 20.87 , 0.0 , 20.76 , 16.36
01/11/2022 , 00:42:09 , 20.97 , 16.33 , 16.28 , 16.57 , 16.25 , 16.31 , 16.28 , 16.36 , 21.04 , 21.12 , 20.99 , 20.99 , 20.94 , 0.0 , 20.68 , 16.28
01/11/2022 , 00:57:09 , 20.98 , 16.37 , 16.42 , 16.58 , 16.29 , 16.42 , 16.4 , 16.5 , 21.24 , 21.14 , 20.95 , 21.01 , 20.98 , 0.0 , 20.98 , 16.37
01/11/2022 , 01:12:09 , 21.01 , 16.4 , 16.43 , 16.61 , 16.35 , 16.38 , 16.4 , 16.48 , 21.22 , 21.32 , 21.09 , 21.09 , 21.04 , 0.0 , 20.83 , 16.3
01/11/2022 , 01:27:09 , 21.07 , 16.47 , 16.55 , 16.73 , 16.28 , 16.47 , 16.42 , 16.6 , 21.36 , 21.23 , 21.15 , 21.0 , 21.0 , 0.0 , 20.94 , 16.42
01/11/2022 , 01:42:09 , 21.1 , 16.54 , 16.54 , 16.73 , 16.49 , 16.65 , 16.57 , 16.68 , 21.38 , 21.46 , 21.31 , 21.23 , 21.12 , 0.0 , 21.05 , 16.6
01/11/2022 , 01:57:09 , 21.15 , 16.55 , 16.63 , 16.76 , 16.47 , 16.58 , 16.55 , 16.71 , 21.36 , 21.34 , 21.21 , 21.28 , 20.97 , 0.0 , 21.13 , 16.5
01/11/2022 , 02:12:09 , 21.1 , 16.49 , 16.47 , 16.68 , 16.34 , 16.47 , 16.44 , 16.68 , 21.41 , 21.18 , 21.18 , 21.18 , 21.07 , 0.0 , 20.89 , 16.44
01/11/2022 , 02:27:09 , 21.13 , 16.81 , 16.66 , 16.76 , 16.45 , 16.63 , 16.63 , 16.79 , 21.47 , 21.47 , 21.31 , 21.29 , 21.21 , 0.0 , 20.95 , 16.08
01/11/2022 , 02:42:09 , 21.15 , 16.63 , 16.65 , 16.92 , 16.57 , 16.78 , 16.71 , 16.81 , 21.41 , 21.44 , 21.26 , 21.23 , 21.21 , 0.0 , 21.15 , 16.47
01/11/2022 , 02:57:09 , 21.16 , 16.63 , 16.74 , 16.74 , 16.5 , 16.63 , 16.68 , 16.82 , 21.5 , 21.57 , 21.42 , 21.44 , 21.39 , 0.0 , 21.11 , 16.58
01/11/2022 , 03:12:09 , 21.18 , 16.71 , 16.65 , 16.89 , 16.5 , 16.68 , 16.73 , 16.79 , 21.62 , 21.44 , 21.31 , 21.21 , 21.31 , 0.0 , 21.18 , 16.68
01/11/2022 , 03:27:10 , 21.2 , 16.78 , 16.73 , 16.94 , 16.65 , 16.78 , 16.81 , 16.94 , 21.59 , 21.67 , 21.46 , 21.41 , 21.38 , 0.0 , 21.31 , 16.6
01/11/2022 , 03:42:10 , 21.26 , 16.61 , 16.58 , 16.79 , 16.45 , 16.53 , 16.63 , 16.69 , 21.45 , 21.47 , 21.29 , 21.39 , 21.45 , 0.0 , 21.08 , 16.24
01/11/2022 , 03:57:10 , 21.25 , 16.78 , 16.83 , 16.99 , 16.65 , 16.78 , 16.78 , 16.91 , 21.64 , 21.54 , 21.46 , 21.46 , 21.43 , 0.0 , 21.3 , 16.78
01/11/2022 , 04:12:10 , 21.22 , 16.75 , 16.86 , 16.99 , 16.56 , 16.8 , 16.77 , 16.8 , 21.63 , 21.63 , 21.37 , 21.37 , 21.32 , 0.0 , 21.24 , 16.64
01/11/2022 , 04:27:10 , 21.29 , 16.85 , 16.77 , 17.06 , 16.58 , 16.79 , 16.77 , 16.98 , 21.66 , 21.71 , 21.47 , 21.58 , 21.71 , 0.0 , 21.29 , 16.77
01/11/2022 , 04:42:10 , 21.29 , 16.79 , 16.77 , 17.08 , 16.66 , 16.92 , 16.82 , 17.0 , 21.63 , 21.73 , 21.5 , 21.53 , 21.4 , 0.0 , 21.27 , 16.85
01/11/2022 , 04:57:10 , 21.25 , 16.77 , 16.8 , 17.01 , 16.75 , 16.91 , 16.8 , 16.93 , 21.64 , 21.72 , 21.56 , 21.43 , 21.43 , 0.0 , 21.27 , 16.77
01/11/2022 , 05:12:10 , 21.27 , 16.88 , 16.77 , 17.04 , 16.56 , 16.8 , 16.8 , 16.83 , 21.61 , 21.61 , 21.43 , 21.43 , 21.43 , 0.0 , 21.32 , 16.77
01/11/2022 , 05:27:10 , 21.3 , 16.77 , 16.83 , 16.96 , 16.64 , 16.83 , 16.77 , 16.85 , 21.53 , 21.56 , 21.43 , 21.3 , 21.32 , 0.0 , 21.12 , 16.64
01/11/2022 , 05:42:10 , 21.31 , 16.84 , 16.82 , 17.16 , 16.79 , 16.76 , 16.79 , 16.92 , 21.7 , 21.7 , 20.69 , 21.52 , 21.57 , 0.0 , 21.29 , 16.76
01/11/2022 , 05:57:10 , 21.32 , 16.85 , 16.9 , 17.06 , 16.79 , 16.84 , 16.79 , 16.89 , 21.63 , 21.73 , 21.52 , 21.55 , 21.44 , 0.0 , 21.31 , 16.84
01/11/2022 , 06:12:10 , 21.31 , 17.0 , 17.03 , 17.08 , 16.76 , 16.87 , 16.87 , 17.03 , 21.68 , 21.78 , 21.6 , 21.05 , 21.44 , 0.0 , 21.39 , 16.84
01/11/2022 , 06:27:11 , 21.29 , 16.89 , 16.87 , 17.08 , 16.71 , 16.92 , 16.82 , 16.89 , 21.6 , 21.73 , 21.31 , 21.57 , 21.42 , 0.0 , 21.26 , 16.08
01/11/2022 , 06:42:11 , 21.32 , 16.93 , 16.98 , 17.11 , 16.82 , 17.03 , 16.96 , 17.01 , 21.71 , 21.71 , 20.88 , 21.58 , 21.5 , 0.0 , 21.39 , 16.93
01/11/2022 , 06:57:11 , 21.31 , 16.82 , 16.76 , 16.97 , 16.71 , 16.87 , 16.76 , 16.92 , 21.55 , 21.68 , 21.44 , 21.39 , 21.39 , 0.0 , 21.31 , 16.74
01/11/2022 , 07:12:11 , 21.34 , 16.84 , 16.89 , 17.11 , 16.87 , 16.87 , 16.84 , 16.97 , 21.81 , 21.78 , 21.52 , 21.5 , 21.39 , 0.0 , 21.29 , 16.29
01/11/2022 , 07:27:11 , 21.3 , 16.67 , 16.77 , 16.9 , 16.69 , 16.64 , 16.74 , 16.77 , 21.53 , 21.53 , 21.35 , 21.35 , 21.22 , 0.0 , 21.17 , 16.69
01/11/2022 , 07:42:11 , 21.24 , 16.82 , 16.9 , 17.01 , 16.74 , 16.77 , 16.9 , 16.96 , 21.74 , 21.69 , 21.58 , 21.53 , 21.24 , 0.0 , 21.19 , 16.77
01/11/2022 , 07:57:11 , 21.3 , 16.64 , 16.77 , 16.96 , 16.67 , 16.82 , 16.69 , 16.82 , 21.56 , 21.61 , 21.48 , 21.43 , 21.3 , 0.0 , 21.09 , 16.59
01/11/2022 , 08:12:11 , 21.3 , 16.83 , 16.88 , 16.99 , 16.67 , 16.83 , 16.78 , 16.91 , 21.62 , 21.56 , 21.49 , 21.43 , 21.36 , 0.0 , 21.23 , 16.81
01/11/2022 , 08:27:11 , 21.28 , 16.65 , 16.54 , 16.78 , 16.49 , 16.62 , 16.59 , 16.75 , 21.43 , 21.51 , 21.3 , 21.3 , 21.2 , 0.0 , 21.1 , 16.57
01/11/2022 , 08:42:11 , 21.32 , 16.67 , 16.72 , 16.85 , 16.56 , 16.69 , 16.64 , 16.77 , 21.48 , 21.48 , 20.91 , 21.3 , 21.27 , 0.0 , 21.17 , 17.38
01/11/2022 , 08:57:12 , 21.25 , 16.59 , 16.52 , 16.78 , 16.44 , 16.49 , 16.65 , 16.78 , 21.36 , 21.33 , 21.17 , 21.12 , 20.91 , 0.0 , 21.04 , 16.59
01/11/2022 , 09:12:12 , 21.29 , 16.58 , 16.6 , 16.81 , 16.44 , 16.58 , 16.6 , 16.66 , 21.39 , 21.39 , 21.18 , 21.23 , 21.21 , 0.0 , 21.08 , 16.6
01/11/2022 , 09:27:12 , 21.34 , 16.71 , 16.63 , 16.73 , 16.52 , 16.66 , 16.52 , 16.76 , 21.47 , 21.44 , 21.29 , 21.26 , 20.43 , 0.0 , 21.08 , 16.5
01/11/2022 , 09:42:12 , 21.34 , 16.47 , 16.52 , 16.73 , 16.39 , 16.52 , 16.5 , 16.52 , 21.49 , 21.7 , 21.34 , 21.13 , 21.21 , 0.0 , 21.0 , 16.47
01/11/2022 , 09:57:12 , 21.36 , 16.73 , 16.75 , 17.0 , 16.54 , 16.75 , 16.7 , 16.75 , 21.46 , 21.56 , 21.38 , 21.25 , 21.33 , 0.0 , 21.2 , 16.67
01/11/2022 , 10:12:12 , 21.3 , 16.52 , 16.57 , 16.7 , 16.49 , 16.46 , 16.52 , 16.59 , 21.38 , 21.51 , 21.17 , 21.15 , 21.1 , 0.0 , 21.02 , 16.54
01/11/2022 , 10:27:12 , 21.33 , 16.49 , 16.44 , 16.52 , 16.28 , 16.44 , 16.46 , 16.57 , 21.28 , 21.3 , 21.12 , 21.07 , 21.07 , 0.0 , 20.94 , 15.94
01/11/2022 , 10:42:12 , 21.32 , 16.48 , 16.43 , 16.67 , 16.4 , 16.53 , 16.56 , 16.44 , 21.24 , 21.37 , 21.14 , 21.09 , 21.56 , 0.0 , 20.96 , 16.46
01/11/2022 , 10:57:12 , 21.3 , 16.56 , 16.53 , 16.72 , 16.4 , 16.56 , 16.56 , 16.67 , 21.4 , 21.37 , 21.27 , 21.09 , 21.11 , 0.0 , 21.01 , 16.61
01/11/2022 , 11:12:12 , 21.3 , 16.67 , 16.65 , 16.88 , 16.54 , 16.59 , 16.62 , 16.75 , 21.43 , 21.46 , 21.3 , 21.25 , 21.56 , 0.0 , 21.1 , 16.62
01/11/2022 , 11:27:12 , 21.32 , 16.61 , 16.64 , 16.82 , 16.56 , 16.74 , 16.56 , 16.77 , 21.43 , 21.56 , 21.35 , 21.4 , 21.3 , 0.0 , 21.11 , 16.64
01/11/2022 , 11:42:13 , 21.31 , 16.76 , 16.63 , 16.87 , 16.55 , 16.76 , 16.76 , 16.84 , 21.39 , 21.5 , 21.39 , 21.26 , 21.24 , 0.0 , 21.13 , 16.74
01/11/2022 , 11:57:13 , 21.29 , 16.71 , 16.68 , 16.87 , 16.55 , 16.53 , 16.58 , 16.74 , 21.44 , 21.47 , 21.34 , 21.34 , 21.29 , 0.0 , 21.03 , 16.55
01/11/2022 , 12:12:13 , 21.29 , 16.66 , 16.58 , 16.76 , 16.55 , 16.53 , 16.55 , 16.63 , 21.39 , 21.37 , 21.24 , 21.21 , 21.21 , 0.0 , 21.05 , 16.61
01/11/2022 , 12:27:13 , 21.32 , 16.74 , 16.67 , 16.88 , 16.59 , 16.74 , 16.67 , 16.85 , 21.47 , 21.42 , 21.31 , 21.31 , 21.24 , 0.0 , 21.16 , 16.74
01/11/2022 , 12:42:13 , 21.29 , 16.71 , 16.63 , 16.79 , 16.55 , 16.71 , 16.66 , 16.76 , 21.5 , 21.57 , 21.39 , 21.34 , 21.13 , 0.0 , 21.13 , 16.45
01/11/2022 , 12:57:13 , 21.29 , 16.61 , 16.66 , 16.84 , 16.5 , 16.61 , 16.55 , 16.76 , 21.5 , 21.55 , 21.34 , 21.16 , 21.24 , 0.0 , 21.03 , 16.61
01/11/2022 , 13:12:13 , 21.29 , 16.71 , 16.74 , 16.92 , 16.45 , 16.66 , 16.61 , 16.76 , 21.47 , 21.05 , 21.42 , 21.34 , 21.26 , 0.0 , 21.52 , 16.55
01/11/2022 , 13:27:13 , 21.3 , 16.61 , 16.61 , 16.85 , 16.59 , 16.64 , 16.67 , 16.69 , 21.63 , 21.5 , 21.3 , 21.32 , 21.3 , 0.0 , 21.19 , 17.4
01/11/2022 , 13:42:13 , 21.3 , 16.83 , 16.91 , 17.07 , 16.62 , 16.67 , 16.81 , 16.88 , 21.72 , 21.69 , 21.41 , 21.41 , 21.36 , 0.0 , 21.59 , 16.73
01/11/2022 , 13:57:13 , 21.32 , 16.74 , 16.74 , 16.98 , 16.55 , 16.71 , 16.71 , 16.84 , 21.57 , 21.6 , 21.31 , 21.29 , 21.34 , 0.0 , 21.23 , 16.73
01/11/2022 , 14:12:13 , 21.33 , 16.78 , 16.7 , 16.88 , 16.62 , 16.67 , 16.75 , 16.85 , 21.53 , 21.61 , 21.56 , 21.46 , 21.33 , 0.0 , 21.17 , 16.7
01/11/2022 , 14:27:14 , 21.33 , 16.86 , 16.76 , 16.89 , 16.68 , 16.81 , 16.78 , 16.89 , 21.67 , 22.14 , 21.52 , 21.46 , 21.41 , 0.0 , 20.79 , 16.65
01/11/2022 , 14:42:14 , 21.38 , 16.85 , 16.8 , 17.04 , 16.59 , 16.72 , 16.75 , 16.85 , 21.66 , 21.66 , 21.58 , 21.56 , 21.51 , 0.0 , 21.71 , 16.77
01/11/2022 , 14:57:14 , 21.36 , 16.86 , 16.86 , 17.04 , 16.65 , 16.83 , 16.75 , 16.91 , 21.72 , 21.49 , 21.49 , 21.51 , 21.46 , 0.0 , 20.71 , 16.78
01/11/2022 , 15:12:14 , 21.4 , 16.93 , 16.93 , 17.11 , 16.8 , 16.88 , 16.88 , 17.09 , 21.79 , 21.74 , 21.61 , 21.68 , 21.58 , 0.0 , 21.35 , 16.85
01/11/2022 , 15:27:14 , 21.39 , 16.81 , 16.79 , 16.97 , 16.73 , 16.81 , 16.81 , 17.0 , 21.7 , 21.93 , 21.7 , 21.67 , 20.87 , 0.0 , 21.44 , 16.79
01/11/2022 , 15:42:14 , 21.4 , 16.8 , 16.67 , 16.99 , 16.67 , 16.8 , 16.7 , 16.93 , 21.72 , 21.77 , 21.38 , 21.53 , 21.48 , 0.0 , 21.38 , 16.2
01/11/2022 , 15:57:14 , 21.43 , 16.9 , 16.9 , 17.06 , 16.77 , 16.9 , 16.85 , 16.93 , 21.76 , 21.71 , 21.53 , 21.56 , 21.5 , 0.0 , 21.48 , 16.14
01/11/2022 , 16:12:14 , 21.45 , 17.03 , 17.06 , 17.22 , 16.93 , 17.01 , 16.95 , 17.14 , 21.97 , 22.1 , 21.89 , 21.81 , 21.76 , 0.0 , 21.53 , 17.03
01/11/2022 , 16:27:14 , 21.45 , 16.84 , 16.79 , 17.13 , 16.74 , 16.95 , 16.87 , 17.03 , 21.84 , 21.81 , 21.63 , 21.68 , 21.59 , 0.0 , 21.49 , 16.89
01/11/2022 , 16:42:14 , 21.5 , 16.95 , 16.84 , 17.08 , 16.87 , 16.92 , 16.92 , 17.03 , 21.81 , 21.91 , 21.7 , 21.63 , 21.63 , 0.0 , 21.55 , 16.89
01/11/2022 , 16:57:14 , 21.49 , 16.84 , 16.86 , 17.0 , 16.73 , 16.86 , 16.76 , 16.94 , 21.78 , 21.83 , 21.62 , 21.6 , 21.54 , 0.0 , 21.47 , 17.36
01/11/2022 , 17:12:14 , 21.54 , 17.05 , 16.94 , 17.28 , 16.78 , 16.99 , 16.91 , 16.99 , 21.85 , 21.98 , 21.8 , 21.88 , 21.72 , 0.0 , 21.91 , 17.07
01/11/2022 , 17:27:15 , 21.54 , 17.1 , 17.1 , 17.2 , 17.02 , 17.17 , 17.04 , 17.23 , 22.16 , 22.19 , 22.01 , 22.01 , 21.77 , 0.0 , 21.67 , 17.1
01/11/2022 , 17:42:15 , 21.56 , 16.96 , 16.88 , 17.22 , 16.86 , 16.93 , 16.93 , 17.14 , 22.32 , 22.03 , 21.77 , 21.85 , 21.74 , 0.0 , 21.56 , 16.96
01/11/2022 , 17:57:15 , 21.62 , 17.2 , 16.99 , 17.33 , 17.04 , 17.18 , 17.1 , 17.2 , 22.19 , 22.22 , 22.01 , 21.98 , 21.98 , 0.0 , 21.62 , 17.07
01/11/2022 , 18:12:15 , 21.64 , 17.04 , 16.96 , 17.36 , 17.02 , 17.2 , 17.09 , 17.28 , 22.19 , 22.24 , 22.06 , 21.95 , 22.24 , 0.0 , 21.85 , 17.12
01/11/2022 , 18:27:15 , 21.67 , 17.2 , 17.2 , 17.31 , 17.07 , 17.12 , 17.12 , 17.28 , 22.14 , 22.19 , 21.98 , 22.11 , 21.96 , 0.0 , 22.06 , 17.1
01/11/2022 , 18:42:15 , 21.67 , 17.07 , 17.17 , 17.44 , 17.04 , 17.15 , 17.1 , 17.25 , 22.24 , 22.5 , 22.19 , 22.09 , 21.96 , 0.0 , 21.85 , 17.15
01/11/2022 , 18:57:15 , 21.71 , 17.37 , 17.27 , 17.5 , 17.11 , 17.32 , 17.29 , 17.32 , 22.38 , 22.23 , 22.25 , 22.33 , 22.18 , 0.0 , 21.84 , 17.24
01/11/2022 , 19:12:15 , 21.76 , 17.48 , 17.38 , 17.48 , 17.11 , 17.24 , 17.22 , 17.35 , 22.39 , 22.65 , 22.18 , 22.21 , 22.13 , 0.0 , 22.13 , 17.3
01/11/2022 , 19:27:15 , 21.85 , 17.39 , 17.39 , 17.47 , 17.07 , 17.34 , 17.34 , 17.31 , 22.53 , 22.45 , 22.22 , 22.22 , 22.14 , 0.0 , 22.06 , 17.26
01/11/2022 , 19:42:15 , 21.79 , 17.37 , 17.19 , 17.4 , 17.24 , 17.3 , 17.27 , 17.3 , 22.44 , 22.39 , 21.56 , 22.2 , 22.05 , 0.0 , 22.05 , 17.45
01/11/2022 , 19:57:16 , 21.85 , 17.31 , 17.39 , 17.54 , 17.18 , 17.33 , 17.39 , 17.52 , 22.37 , 22.58 , 22.3 , 22.27 , 22.17 , 0.0 , 22.24 , 17.28
01/11/2022 , 20:12:16 , 21.93 , 17.41 , 17.49 , 17.67 , 17.2 , 17.38 , 17.33 , 17.59 , 22.78 , 22.68 , 22.5 , 22.47 , 22.37 , 0.0 , 22.24 , 17.38
01/11/2022 , 20:27:16 , 21.94 , 17.52 , 17.52 , 17.76 , 17.37 , 17.47 , 17.47 , 17.55 , 22.69 , 22.64 , 22.43 , 22.51 , 22.46 , 0.0 , 22.51 , 17.42
01/11/2022 , 20:42:16 , 21.98 , 17.49 , 17.41 , 17.68 , 17.36 , 17.49 , 17.41 , 17.6 , 22.66 , 22.74 , 22.5 , 22.56 , 22.48 , 0.0 , 22.4 , 17.47
01/11/2022 , 20:57:16 , 22.04 , 17.6 , 17.57 , 17.94 , 17.47 , 17.57 , 17.47 , 17.65 , 22.71 , 22.74 , 22.63 , 22.66 , 22.53 , 0.0 , 22.35 , 17.52
01/11/2022 , 21:12:16 , 22.08 , 17.59 , 17.49 , 17.78 , 17.36 , 17.62 , 17.54 , 17.7 , 22.81 , 22.89 , 22.71 , 22.65 , 22.29 , 0.0 , 22.47 , 17.59
01/11/2022 , 21:27:16 , 22.12 , 17.61 , 17.55 , 17.82 , 17.32 , 17.61 , 17.55 , 17.71 , 22.87 , 22.85 , 22.64 , 22.56 , 22.54 , 0.0 , 22.51 , 17.61
01/11/2022 , 21:42:16 , 22.17 , 17.65 , 17.6 , 17.89 , 17.47 , 17.63 , 17.63 , 17.78 , 22.81 , 22.81 , 22.78 , 22.76 , 21.9 , 0.0 , 22.5 , 17.62
01/11/2022 , 21:57:16 , 22.2 , 17.71 , 17.63 , 17.94 , 17.5 , 17.71 , 17.6 , 17.63 , 23.0 , 22.98 , 22.8 , 22.67 , 23.08 , 0.0 , 22.59 , 17.71
01/11/2022 , 22:12:16 , 22.23 , 17.58 , 17.56 , 17.84 , 17.48 , 17.66 , 17.53 , 17.61 , 22.9 , 22.93 , 22.7 , 22.67 , 22.57 , 0.0 , 22.52 , 17.53
01/11/2022 , 22:27:16 , 22.19 , 17.75 , 17.86 , 17.94 , 17.65 , 17.7 , 17.67 , 17.91 , 23.05 , 22.94 , 22.84 , 22.81 , 22.97 , 0.0 , 22.63 , 17.65
01/11/2022 , 22:42:16 , 22.28 , 17.69 , 17.84 , 18.0 , 17.61 , 17.63 , 17.71 , 17.9 , 23.06 , 23.08 , 22.88 , 22.8 , 22.83 , 0.0 , 22.62 , 17.69
01/11/2022 , 22:57:17 , 22.32 , 17.83 , 17.83 , 18.01 , 17.59 , 17.72 , 17.86 , 17.96 , 23.12 , 22.86 , 22.92 , 22.92 , 22.84 , 0.0 , 22.86 , 17.72
01/11/2022 , 23:12:17 , 22.36 , 17.77 , 17.72 , 18.01 , 17.61 , 17.59 , 17.72 , 17.88 , 22.96 , 23.04 , 22.83 , 22.75 , 22.73 , 0.0 , 22.65 , 17.67
01/11/2022 , 23:27:17 , 22.4 , 17.64 , 17.67 , 17.96 , 17.62 , 17.78 , 17.62 , 17.91 , 23.02 , 23.02 , 22.84 , 22.97 , 22.71 , 0.0 , 22.58 , 17.7
01/11/2022 , 23:42:17 , 22.45 , 17.96 , 17.86 , 18.2 , 17.66 , 17.76 , 17.86 , 18.02 , 23.7 , 23.29 , 23.11 , 23.06 , 22.95 , 0.0 , 22.74 , 17.87
01/11/2022 , 23:57:17 , 22.49 , 17.95 , 17.98 , 18.21 , 17.85 , 17.98 , 17.9 , 17.85 , 23.24 , 23.27 , 23.09 , 22.98 , 23.45 , 0.0 , 22.85 , 17.87
02/11/2022 , 00:12:17 , 22.47 , 18.01 , 17.93 , 18.22 , 17.69 , 18.01 , 17.82 , 17.98 , 23.25 , 23.01 , 22.99 , 22.99 , 22.94 , 0.0 , 23.2 , 17.9
02/11/2022 , 00:27:17 , 22.47 , 17.91 , 17.83 , 18.06 , 17.75 , 17.91 , 17.91 , 17.99 , 23.33 , 23.33 , 23.12 , 23.02 , 22.94 , 0.0 , 22.84 , 17.8
02/11/2022 , 00:42:17 , 22.53 , 17.91 , 17.91 , 18.12 , 17.68 , 17.83 , 17.78 , 17.96 , 22.84 , 23.26 , 23.02 , 22.95 , 22.92 , 0.0 , 22.89 , 17.81
02/11/2022 , 00:57:17 , 22.56 , 18.05 , 18.18 , 18.26 , 17.89 , 17.92 , 17.94 , 18.13 , 22.92 , 23.44 , 23.18 , 23.16 , 23.03 , 0.0 , 22.9 , 17.92
02/11/2022 , 01:12:17 , 22.58 , 18.25 , 18.25 , 18.46 , 18.07 , 18.07 , 18.15 , 18.23 , 23.52 , 23.49 , 23.34 , 23.34 , 23.13 , 0.0 , 23.08 , 18.02
02/11/2022 , 01:27:18 , 22.61 , 17.95 , 17.92 , 18.31 , 17.89 , 18.05 , 17.95 , 18.1 , 23.31 , 23.42 , 23.26 , 23.13 , 23.03 , 0.0 , 22.3 , 17.95
02/11/2022 , 01:42:18 , 22.64 , 18.15 , 18.05 , 18.36 , 17.89 , 18.07 , 18.1 , 18.15 , 23.44 , 23.42 , 23.21 , 23.16 , 23.16 , 0.0 , 23.03 , 18.05
02/11/2022 , 01:57:18 , 22.68 , 18.25 , 18.22 , 18.43 , 18.06 , 18.19 , 18.3 , 18.32 , 23.56 , 23.61 , 23.35 , 23.38 , 23.3 , 0.0 , 23.09 , 18.11
02/11/2022 , 02:12:18 , 22.69 , 18.08 , 18.13 , 18.26 , 17.79 , 18.03 , 18.03 , 18.13 , 23.32 , 23.42 , 23.16 , 23.21 , 23.63 , 0.0 , 22.95 , 17.92
02/11/2022 , 02:27:18 , 22.71 , 18.2 , 18.2 , 18.38 , 18.04 , 18.17 , 18.22 , 18.25 , 23.54 , 23.56 , 23.28 , 23.67 , 23.2 , 0.0 , 23.02 , 18.2
02/11/2022 , 02:42:18 , 22.66 , 18.07 , 18.05 , 18.26 , 17.87 , 18.05 , 17.98 , 18.16 , 23.37 , 23.37 , 23.26 , 23.22 , 23.05 , 0.0 , 23.0 , 18.0
02/11/2022 , 02:57:18 , 22.7 , 18.19 , 18.19 , 18.5 , 17.99 , 18.19 , 18.21 , 18.27 , 23.54 , 23.48 , 23.25 , 23.27 , 23.23 , 0.0 , 23.04 , 18.04
02/11/2022 , 03:12:18 , 22.73 , 18.09 , 18.12 , 18.25 , 17.85 , 18.01 , 17.99 , 18.12 , 23.47 , 23.41 , 23.23 , 23.25 , 23.13 , 0.0 , 22.97 , 17.99
02/11/2022 , 03:27:18 , 22.72 , 18.21 , 18.18 , 18.39 , 17.95 , 18.16 , 18.08 , 18.29 , 23.47 , 23.5 , 22.49 , 23.29 , 23.27 , 0.0 , 23.06 , 18.0
02/11/2022 , 03:42:18 , 22.68 , 18.17 , 18.17 , 18.35 , 18.01 , 18.14 , 18.11 , 18.3 , 23.66 , 23.69 , 23.33 , 23.3 , 23.25 , 0.0 , 23.07 , 18.11
02/11/2022 , 03:57:18 , 22.7 , 18.09 , 18.06 , 18.22 , 17.96 , 18.17 , 18.03 , 18.19 , 23.51 , 23.58 , 23.3 , 23.25 , 23.35 , 0.0 , 23.2 , 18.17
02/11/2022 , 04:12:18 , 22.74 , 18.36 , 18.23 , 18.51 , 18.07 , 18.1 , 18.15 , 18.41 , 23.57 , 23.59 , 23.46 , 23.44 , 23.0 , 0.0 , 23.15 , 18.2
02/11/2022 , 04:27:19 , 22.74 , 18.36 , 18.21 , 18.44 , 18.26 , 18.21 , 18.18 , 18.42 , 22.67 , 23.6 , 23.47 , 23.42 , 23.32 , 0.0 , 23.19 , 18.26
02/11/2022 , 04:42:19 , 22.74 , 18.13 , 18.18 , 18.47 , 17.95 , 18.1 , 18.1 , 18.23 , 23.37 , 23.39 , 23.29 , 23.37 , 23.06 , 0.0 , 23.0 , 18.16
02/11/2022 , 04:57:19 , 22.74 , 18.25 , 18.23 , 18.38 , 17.96 , 18.1 , 18.12 , 18.23 , 23.49 , 23.62 , 23.41 , 23.13 , 23.18 , 0.0 , 23.1 , 18.23
02/11/2022 , 05:12:19 , 22.72 , 18.21 , 18.11 , 18.39 , 18.05 , 18.18 , 18.21 , 18.32 , 23.45 , 23.55 , 23.34 , 23.55 , 23.19 , 0.0 , 23.08 , 18.13
02/11/2022 , 05:27:19 , 22.73 , 18.17 , 18.22 , 18.46 , 18.01 , 18.2 , 18.14 , 18.17 , 23.48 , 23.43 , 23.33 , 23.25 , 23.17 , 0.0 , 22.99 , 18.12
02/11/2022 , 05:42:19 , 22.68 , 18.14 , 18.12 , 18.3 , 17.93 , 18.14 , 18.04 , 18.17 , 23.41 , 23.46 , 23.28 , 23.15 , 23.15 , 0.0 , 22.29 , 18.04
02/11/2022 , 05:57:19 , 22.64 , 18.05 , 18.13 , 18.34 , 17.94 , 17.92 , 18.02 , 18.21 , 23.26 , 23.26 , 23.05 , 23.08 , 23.05 , 0.0 , 23.11 , 18.02
02/11/2022 , 06:12:19 , 22.66 , 18.13 , 18.07 , 18.31 , 17.81 , 18.02 , 17.92 , 18.15 , 23.39 , 23.37 , 23.13 , 23.18 , 23.0 , 0.0 , 22.9 , 18.02
02/11/2022 , 06:27:19 , 22.63 , 18.12 , 18.09 , 18.36 , 17.99 , 18.07 , 18.07 , 18.2 , 23.34 , 23.44 , 23.34 , 23.21 , 23.13 , 0.0 , 22.92 , 18.07
02/11/2022 , 06:42:19 , 22.65 , 18.09 , 18.14 , 18.27 , 17.9 , 17.95 , 17.95 , 18.11 , 23.63 , 23.25 , 23.06 , 23.06 , 23.04 , 0.0 , 22.99 , 18.14
02/11/2022 , 06:57:20 , 22.66 , 18.04 , 18.15 , 18.36 , 17.94 , 18.04 , 18.1 , 18.12 , 23.23 , 23.28 , 23.13 , 23.05 , 23.18 , 0.0 , 22.84 , 17.94
02/11/2022 , 07:12:20 , 22.62 , 17.95 , 18.08 , 18.26 , 17.77 , 17.82 , 17.85 , 18.13 , 23.37 , 23.19 , 22.98 , 22.96 , 22.98 , 0.0 , 22.8 , 18.55
02/11/2022 , 07:27:20 , 22.63 , 17.99 , 18.09 , 18.3 , 17.96 , 18.01 , 17.99 , 18.17 , 23.15 , 23.23 , 23.43 , 23.07 , 22.97 , 0.0 , 22.89 , 18.09
02/11/2022 , 07:42:20 , 22.62 , 18.08 , 18.03 , 18.19 , 17.9 , 18.03 , 18.01 , 18.14 , 23.24 , 23.24 , 23.09 , 23.04 , 22.83 , 0.0 , 22.86 , 17.98
02/11/2022 , 07:57:20 , 22.63 , 17.99 , 17.99 , 18.17 , 17.75 , 18.07 , 17.96 , 18.09 , 23.26 , 23.26 , 23.0 , 23.0 , 22.19 , 0.0 , 22.92 , 18.02
02/11/2022 , 08:12:20 , 22.57 , 18.03 , 17.95 , 18.16 , 17.87 , 18.0 , 17.92 , 18.05 , 23.16 , 23.16 , 23.01 , 22.9 , 22.9 , 0.0 , 22.7 , 17.9
02/11/2022 , 08:27:20 , 22.55 , 17.96 , 17.88 , 18.12 , 17.67 , 17.85 , 17.8 , 18.01 , 23.12 , 23.07 , 22.94 , 22.86 , 22.65 , 0.0 , 22.68 , 17.83
02/11/2022 , 08:42:20 , 22.56 , 18.02 , 18.15 , 18.23 , 17.92 , 18.05 , 18.07 , 18.15 , 23.18 , 23.26 , 23.03 , 22.95 , 22.95 , 0.0 , 22.28 , 18.02
02/11/2022 , 08:57:20 , 22.55 , 17.99 , 17.99 , 18.28 , 17.78 , 17.94 , 17.86 , 18.15 , 23.2 , 23.2 , 22.97 , 22.97 , 22.81 , 0.0 , 22.97 , 17.86
02/11/2022 , 09:12:20 , 22.54 , 17.87 , 17.82 , 18.08 , 17.74 , 17.82 , 17.89 , 17.97 , 23.13 , 23.08 , 22.8 , 22.82 , 22.77 , 0.0 , 22.62 , 17.74
02/11/2022 , 09:27:20 , 22.53 , 17.96 , 17.88 , 18.22 , 17.75 , 17.83 , 17.83 , 18.06 , 23.07 , 23.04 , 22.89 , 22.99 , 22.71 , 0.0 , 22.66 , 17.96
02/11/2022 , 09:42:20 , 22.55 , 17.93 , 17.96 , 18.14 , 17.83 , 18.14 , 17.9 , 18.06 , 23.2 , 23.25 , 22.99 , 22.94 , 22.89 , 0.0 , 22.81 , 17.98
02/11/2022 , 09:57:21 , 22.51 , 17.92 , 18.03 , 18.21 , 17.82 , 17.89 , 17.87 , 18.0 , 23.11 , 23.19 , 22.98 , 22.9 , 22.9 , 0.0 , 22.64 , 17.84
02/11/2022 , 10:12:21 , 22.52 , 17.95 , 17.93 , 18.14 , 17.77 , 17.93 , 17.95 , 18.11 , 23.01 , 23.17 , 23.06 , 22.91 , 22.91 , 0.0 , 22.67 , 17.87
02/11/2022 , 10:27:21 , 22.42 , 17.8 , 17.88 , 18.07 , 17.75 , 17.8 , 17.75 , 17.96 , 23.05 , 23.1 , 22.89 , 23.12 , 22.68 , 0.0 , 22.66 , 17.73
02/11/2022 , 10:42:21 , 22.43 , 17.86 , 17.75 , 18.12 , 17.65 , 17.73 , 17.81 , 17.91 , 23.07 , 23.02 , 22.89 , 23.02 , 22.84 , 0.0 , 22.66 , 17.75
02/11/2022 , 10:57:21 , 22.34 , 17.69 , 17.79 , 18.03 , 17.56 , 17.72 , 17.69 , 17.87 , 22.98 , 23.04 , 23.01 , 22.8 , 22.8 , 0.0 , 22.54 , 17.74
02/11/2022 , 11:12:21 , 22.37 , 17.7 , 17.7 , 17.94 , 17.57 , 17.65 , 17.65 , 17.88 , 23.05 , 23.05 , 22.79 , 22.92 , 22.81 , 0.0 , 22.61 , 17.75
02/11/2022 , 11:27:21 , 22.36 , 17.71 , 17.66 , 17.9 , 17.66 , 17.77 , 17.82 , 17.92 , 23.06 , 23.06 , 22.83 , 22.85 , 22.7 , 0.0 , 22.59 , 17.66
02/11/2022 , 11:42:21 , 22.4 , 17.88 , 17.83 , 18.12 , 17.72 , 17.85 , 17.8 , 18.04 , 23.04 , 23.15 , 22.86 , 22.91 , 22.99 , 0.0 , 22.68 , 17.78
02/11/2022 , 11:57:21 , 22.46 , 17.84 , 17.76 , 17.97 , 17.66 , 17.71 , 17.81 , 17.81 , 23.26 , 23.03 , 22.74 , 22.74 , 22.64 , 0.0 , 22.59 , 17.66
02/11/2022 , 12:12:21 , 22.5 , 18.04 , 18.14 , 18.27 , 17.86 , 18.01 , 17.96 , 18.09 , 23.2 , 23.28 , 23.15 , 23.12 , 22.97 , 0.0 , 22.86 , 17.99
02/11/2022 , 12:27:21 , 22.47 , 17.96 , 17.88 , 17.95 , 17.69 , 17.85 , 17.69 , 17.96 , 23.07 , 23.12 , 22.86 , 22.89 , 22.76 , 0.0 , 22.65 , 17.67
02/11/2022 , 12:42:21 , 22.61 , 18.04 , 18.04 , 18.28 , 17.86 , 18.04 , 17.99 , 18.02 , 23.23 , 23.38 , 23.18 , 23.15 , 23.13 , 0.0 , 22.97 , 18.64
02/11/2022 , 12:57:21 , 22.67 , 18.1 , 18.18 , 18.26 , 17.92 , 18.13 , 18.0 , 18.21 , 23.52 , 23.52 , 23.01 , 23.16 , 23.19 , 0.0 , 22.95 , 19.05
02/11/2022 , 13:12:21 , 22.78 , 18.3 , 18.3 , 18.51 , 18.17 , 18.35 , 18.3 , 18.38 , 23.6 , 23.63 , 23.5 , 23.4 , 23.24 , 0.0 , 23.14 , 18.19
02/11/2022 , 13:27:21 , 22.86 , 18.29 , 18.27 , 18.56 , 18.06 , 18.27 , 18.19 , 18.35 , 23.63 , 23.69 , 23.5 , 23.35 , 23.32 , 0.0 , 23.17 , 18.19
02/11/2022 , 13:42:21 , 22.86 , 18.28 , 18.28 , 18.44 , 18.12 , 18.15 , 18.21 , 18.36 , 23.54 , 23.59 , 23.33 , 23.42 , 23.38 , 0.0 , 23.23 , 18.2
02/11/2022 , 13:57:21 , 22.91 , 18.43 , 18.35 , 18.72 , 18.33 , 18.41 , 18.38 , 18.56 , 23.8 , 23.85 , 23.64 , 23.59 , 23.46 , 0.0 , 23.41 , 18.38
02/11/2022 , 14:12:22 , 22.98 , 18.31 , 18.39 , 18.5 , 18.18 , 18.34 , 18.29 , 18.42 , 23.7 , 23.78 , 23.5 , 23.47 , 23.34 , 0.0 , 23.24 , 18.26
02/11/2022 , 14:27:22 , 22.93 , 18.29 , 18.16 , 18.58 , 18.03 , 18.18 , 18.16 , 18.26 , 23.58 , 23.52 , 23.34 , 23.42 , 23.27 , 0.0 , 23.21 , 18.24
02/11/2022 , 14:42:22 , 22.94 , 18.28 , 18.3 , 18.54 , 18.09 , 18.23 , 18.17 , 18.41 , 23.93 , 23.62 , 23.33 , 23.38 , 23.33 , 0.0 , 23.2 , 18.23
02/11/2022 , 14:57:22 , 22.97 , 18.54 , 18.41 , 18.7 , 18.3 , 18.46 , 18.48 , 18.62 , 23.85 , 23.77 , 23.61 , 23.56 , 23.43 , 0.0 , 23.1 , 18.2
02/11/2022 , 15:12:22 , 22.94 , 18.46 , 18.35 , 18.61 , 18.22 , 18.4 , 18.4 , 18.66 , 23.74 , 23.74 , 23.56 , 23.43 , 23.25 , 0.0 , 23.25 , 18.32
02/11/2022 , 15:27:22 , 22.96 , 18.53 , 18.43 , 18.77 , 18.35 , 18.45 , 18.43 , 18.64 , 23.74 , 23.74 , 23.56 , 23.61 , 23.69 , 0.0 , 23.25 , 18.35
02/11/2022 , 15:42:22 , 22.93 , 18.58 , 18.58 , 18.69 , 18.29 , 18.37 , 18.42 , 18.63 , 23.81 , 23.87 , 23.63 , 23.58 , 23.81 , 0.0 , 23.43 , 18.42
02/11/2022 , 15:57:22 , 22.95 , 18.49 , 18.31 , 18.57 , 18.28 , 18.44 , 18.36 , 18.49 , 23.67 , 23.73 , 23.93 , 23.52 , 23.33 , 0.0 , 23.25 , 18.33
02/11/2022 , 16:12:22 , 22.95 , 18.6 , 18.49 , 18.73 , 18.33 , 18.47 , 18.47 , 18.68 , 23.78 , 23.75 , 23.65 , 23.8 , 23.57 , 0.0 , 23.34 , 18.44
02/11/2022 , 16:27:22 , 23.03 , 18.5 , 18.37 , 18.66 , 18.34 , 18.42 , 18.39 , 18.58 , 23.89 , 23.99 , 23.68 , 24.15 , 23.55 , 0.0 , 23.45 , 18.42
02/11/2022 , 16:42:22 , 22.93 , 18.32 , 18.37 , 18.63 , 18.26 , 18.37 , 18.32 , 18.39 , 23.76 , 23.84 , 23.58 , 23.55 , 23.55 , 0.0 , 23.34 , 18.29
02/11/2022 , 16:57:22 , 23.04 , 18.37 , 18.35 , 18.69 , 18.19 , 18.37 , 18.4 , 18.5 , 23.82 , 23.79 , 23.58 , 23.56 , 23.5 , 0.0 , 23.32 , 18.26
02/11/2022 , 17:12:23 , 23.03 , 18.49 , 18.47 , 18.76 , 18.31 , 18.44 , 18.42 , 18.65 , 23.83 , 23.83 , 23.65 , 23.78 , 23.57 , 0.0 , 23.42 , 18.42
02/11/2022 , 17:27:23 , 22.97 , 18.47 , 18.41 , 18.68 , 18.31 , 18.49 , 18.47 , 18.6 , 23.96 , 23.8 , 23.73 , 23.7 , 23.91 , 0.0 , 23.47 , 18.39
02/11/2022 , 17:42:23 , 23.01 , 18.58 , 18.45 , 18.66 , 18.32 , 18.4 , 18.45 , 18.58 , 23.95 , 23.92 , 23.66 , 23.63 , 23.58 , 0.0 , 23.58 , 18.37
02/11/2022 , 17:57:23 , 23.05 , 18.49 , 18.62 , 18.78 , 18.41 , 18.49 , 18.46 , 18.54 , 23.91 , 23.93 , 24.06 , 23.65 , 23.49 , 0.0 , 23.49 , 18.05
02/11/2022 , 18:12:23 , 23.06 , 18.55 , 18.57 , 18.86 , 18.31 , 18.42 , 18.47 , 18.68 , 24.01 , 24.09 , 23.68 , 23.37 , 23.73 , 0.0 , 23.5 , 18.52
02/11/2022 , 18:27:23 , 23.12 , 18.67 , 18.67 , 18.83 , 18.46 , 18.57 , 18.64 , 18.77 , 24.01 , 23.9 , 23.77 , 23.77 , 23.69 , 0.0 , 23.38 , 18.54
02/11/2022 , 18:42:23 , 23.1 , 18.54 , 18.54 , 18.69 , 18.33 , 18.54 , 18.51 , 18.62 , 23.88 , 23.91 , 23.73 , 23.7 , 23.62 , 0.0 , 23.57 , 18.6
02/11/2022 , 18:57:23 , 23.07 , 18.51 , 18.44 , 18.7 , 18.33 , 18.46 , 18.38 , 18.59 , 23.8 , 23.77 , 23.57 , 23.51 , 23.59 , 0.0 , 23.38 , 17.7
02/11/2022 , 19:12:23 , 23.07 , 18.57 , 18.51 , 18.75 , 18.36 , 18.46 , 18.46 , 18.62 , 23.83 , 23.93 , 23.75 , 23.64 , 23.58 , 0.0 , 23.46 , 18.41
02/11/2022 , 19:27:23 , 23.03 , 18.47 , 18.32 , 18.55 , 18.24 , 18.39 , 18.39 , 18.55 , 23.73 , 23.78 , 23.5 , 23.52 , 23.42 , 0.0 , 23.21 , 18.26
02/11/2022 , 19:42:23 , 23.05 , 18.65 , 18.62 , 18.8 , 18.41 , 18.57 , 18.36 , 18.7 , 23.88 , 23.83 , 23.91 , 23.65 , 23.65 , 0.0 , 23.26 , 18.33
02/11/2022 , 19:57:24 , 23.04 , 18.56 , 18.43 , 18.77 , 18.4 , 18.46 , 18.46 , 18.61 , 23.82 , 23.74 , 23.61 , 23.61 , 23.51 , 0.0 , 23.41 , 18.43
02/11/2022 , 20:12:24 , 22.98 , 18.55 , 18.55 , 18.78 , 18.42 , 18.62 , 18.6 , 18.65 , 23.86 , 23.88 , 23.75 , 23.7 , 23.55 , 0.0 , 23.44 , 18.44
02/11/2022 , 20:27:24 , 23.03 , 18.31 , 18.31 , 18.47 , 18.15 , 18.28 , 18.34 , 18.49 , 23.7 , 23.83 , 23.55 , 23.55 , 23.36 , 0.0 , 23.36 , 18.39
02/11/2022 , 20:42:24 , 23.03 , 18.65 , 18.65 , 18.86 , 18.52 , 18.65 , 18.6 , 18.78 , 23.91 , 24.06 , 23.03 , 23.83 , 23.68 , 0.0 , 23.47 , 18.68
02/11/2022 , 20:57:24 , 23.01 , 18.61 , 18.48 , 18.77 , 18.37 , 18.45 , 18.45 , 18.64 , 23.87 , 23.84 , 23.82 , 23.56 , 23.53 , 0.0 , 23.27 , 18.48
02/11/2022 , 21:12:24 , 23.03 , 18.58 , 18.6 , 18.84 , 18.39 , 18.5 , 18.39 , 18.71 , 23.86 , 23.47 , 23.73 , 23.58 , 23.55 , 0.0 , 23.73 , 18.34
02/11/2022 , 21:27:24 , 23.02 , 18.52 , 18.49 , 18.75 , 18.36 , 18.46 , 18.38 , 18.7 , 23.85 , 23.8 , 23.2 , 23.57 , 23.52 , 0.0 , 23.33 , 18.44
02/11/2022 , 21:42:24 , 23.02 , 18.4 , 18.4 , 18.61 , 18.19 , 18.32 , 18.3 , 18.48 , 23.72 , 23.66 , 23.38 , 23.43 , 23.15 , 0.0 , 23.17 , 18.3
02/11/2022 , 21:57:24 , 22.98 , 18.47 , 18.37 , 18.53 , 18.26 , 18.34 , 18.29 , 18.6 , 23.68 , 23.76 , 23.45 , 23.47 , 23.63 , 0.0 , 23.22 , 18.26
02/11/2022 , 22:12:24 , 22.98 , 18.47 , 18.47 , 18.71 , 18.29 , 18.42 , 18.45 , 18.58 , 23.81 , 23.68 , 23.55 , 23.6 , 23.55 , 0.0 , 23.27 , 18.37
02/11/2022 , 22:27:24 , 22.99 , 18.38 , 18.32 , 18.48 , 18.22 , 18.22 , 18.32 , 18.46 , 23.64 , 23.64 , 23.46 , 23.51 , 23.37 , 0.0 , 23.19 , 18.26
02/11/2022 , 22:42:25 , 22.96 , 18.34 , 18.34 , 18.66 , 18.16 , 18.34 , 18.29 , 18.39 , 23.68 , 23.66 , 23.5 , 23.4 , 23.55 , 0.0 , 23.32 , 18.37
02/11/2022 , 22:57:25 , 22.97 , 18.31 , 18.39 , 18.54 , 18.26 , 18.44 , 18.39 , 18.36 , 23.7 , 23.7 , 23.49 , 23.52 , 23.31 , 0.0 , 23.21 , 18.62
02/11/2022 , 23:12:25 , 22.97 , 18.54 , 18.33 , 18.57 , 18.23 , 18.39 , 18.41 , 18.49 , 23.78 , 23.73 , 23.65 , 23.65 , 23.52 , 0.0 , 23.31 , 18.33
02/11/2022 , 23:27:25 , 22.97 , 18.46 , 18.43 , 18.67 , 18.17 , 18.38 , 18.41 , 18.54 , 23.72 , 22.94 , 23.36 , 23.46 , 23.43 , 0.0 , 22.86 , 18.38
02/11/2022 , 23:42:25 , 22.96 , 18.5 , 18.35 , 18.61 , 18.29 , 18.4 , 18.37 , 18.58 , 23.81 , 23.76 , 23.58 , 23.63 , 23.35 , 0.0 , 23.3 , 18.35
02/11/2022 , 23:57:25 , 22.96 , 18.35 , 18.4 , 18.63 , 18.27 , 18.35 , 18.29 , 18.48 , 23.66 , 23.71 , 23.43 , 23.45 , 23.32 , 0.0 , 23.24 , 18.35
03/11/2022 , 00:12:25 , 22.98 , 18.42 , 18.34 , 18.57 , 18.18 , 18.29 , 18.29 , 18.47 , 23.6 , 23.63 , 23.55 , 23.47 , 23.31 , 0.0 , 23.18 , 18.29
03/11/2022 , 00:27:25 , 22.94 , 18.2 , 18.25 , 18.51 , 18.09 , 18.25 , 18.07 , 18.25 , 23.59 , 23.64 , 23.41 , 23.41 , 23.28 , 0.0 , 23.18 , 18.12
03/11/2022 , 00:42:25 , 22.97 , 18.36 , 18.41 , 18.57 , 18.23 , 18.33 , 18.41 , 18.62 , 23.77 , 23.75 , 23.59 , 23.85 , 23.38 , 0.0 , 23.25 , 18.38
03/11/2022 , 00:57:25 , 22.99 , 18.22 , 18.27 , 18.48 , 18.11 , 18.22 , 18.24 , 18.32 , 23.56 , 23.53 , 23.38 , 23.77 , 23.35 , 0.0 , 23.17 , 18.3
03/11/2022 , 01:12:26 , 22.96 , 18.3 , 18.24 , 18.58 , 18.14 , 18.32 , 18.3 , 18.51 , 23.64 , 23.61 , 23.35 , 24.02 , 23.37 , 0.0 , 23.11 , 18.29
03/11/2022 , 01:27:26 , 22.95 , 18.23 , 18.2 , 18.49 , 18.02 , 18.12 , 18.04 , 18.18 , 23.41 , 23.31 , 23.21 , 23.23 , 23.02 , 0.0 , 23.0 , 18.02
03/11/2022 , 01:42:26 , 22.91 , 18.21 , 18.24 , 18.55 , 18.16 , 18.29 , 18.19 , 18.29 , 23.55 , 23.55 , 23.37 , 23.4 , 22.88 , 0.0 , 23.11 , 18.16
03/11/2022 , 01:57:26 , 22.92 , 18.41 , 18.35 , 18.62 , 18.2 , 18.35 , 18.33 , 18.41 , 23.51 , 23.56 , 23.3 , 23.33 , 23.25 , 0.0 , 23.18 , 18.17
03/11/2022 , 02:12:26 , 22.9 , 18.23 , 18.23 , 18.5 , 18.13 , 18.26 , 18.21 , 18.5 , 23.55 , 23.55 , 23.37 , 23.16 , 23.21 , 0.0 , 23.11 , 18.13
03/11/2022 , 02:27:26 , 22.86 , 18.19 , 18.11 , 18.4 , 18.06 , 18.19 , 18.06 , 18.19 , 23.37 , 23.47 , 23.22 , 23.33 , 23.11 , 0.0 , 23.06 , 18.17
03/11/2022 , 02:42:26 , 22.82 , 17.97 , 17.97 , 18.23 , 17.84 , 17.86 , 17.92 , 18.02 , 23.26 , 23.21 , 23.03 , 23.08 , 23.0 , 0.0 , 22.84 , 17.86
03/11/2022 , 02:57:26 , 22.83 , 18.21 , 18.24 , 18.48 , 18.03 , 18.21 , 18.19 , 18.27 , 23.53 , 23.55 , 23.32 , 23.27 , 23.19 , 0.0 , 23.09 , 18.16
03/11/2022 , 03:12:26 , 22.84 , 18.25 , 18.17 , 18.3 , 17.94 , 18.09 , 18.12 , 18.28 , 23.4 , 23.44 , 23.25 , 23.25 , 23.12 , 0.0 , 22.97 , 18.12
03/11/2022 , 03:27:26 , 22.82 , 18.26 , 18.21 , 18.42 , 18.1 , 18.08 , 18.08 , 18.21 , 23.39 , 23.37 , 23.14 , 23.58 , 23.14 , 0.0 , 22.98 , 18.16
03/11/2022 , 03:42:26 , 22.76 , 17.94 , 17.99 , 18.18 , 17.86 , 18.02 , 17.97 , 18.15 , 23.26 , 23.28 , 22.87 , 23.1 , 23.0 , 0.0 , 22.84 , 18.88
03/11/2022 , 03:57:26 , 22.78 , 18.24 , 18.21 , 18.5 , 18.08 , 18.21 , 18.24 , 18.32 , 23.6 , 23.53 , 23.32 , 23.32 , 23.22 , 0.0 , 23.09 , 18.21
03/11/2022 , 04:12:26 , 22.76 , 18.17 , 18.22 , 18.51 , 18.09 , 18.25 , 18.3 , 18.41 , 23.56 , 23.51 , 23.28 , 23.3 , 23.28 , 0.0 , 22.79 , 18.33
03/11/2022 , 04:27:27 , 22.72 , 18.29 , 18.21 , 18.39 , 18.23 , 18.21 , 18.16 , 18.29 , 23.55 , 23.52 , 23.32 , 23.29 , 23.29 , 0.0 , 23.13 , 18.16
03/11/2022 , 04:42:27 , 22.76 , 18.32 , 18.4 , 18.59 , 18.22 , 18.4 , 18.4 , 18.48 , 23.58 , 23.64 , 23.35 , 23.4 , 23.25 , 0.0 , 23.17 , 17.85
03/11/2022 , 04:57:27 , 22.71 , 18.27 , 18.3 , 18.43 , 18.09 , 18.3 , 18.27 , 18.35 , 23.69 , 23.59 , 23.33 , 23.35 , 23.28 , 0.0 , 23.28 , 18.17
03/11/2022 , 05:12:27 , 22.67 , 18.27 , 18.24 , 18.24 , 18.06 , 18.14 , 18.14 , 18.27 , 23.4 , 23.4 , 23.24 , 23.09 , 23.19 , 0.0 , 23.06 , 18.16
03/11/2022 , 05:27:27 , 22.68 , 18.2 , 18.12 , 18.43 , 18.04 , 18.17 , 18.07 , 18.2 , 23.38 , 23.46 , 23.41 , 23.28 , 23.18 , 0.0 , 22.92 , 18.75
03/11/2022 , 05:42:27 , 22.67 , 18.21 , 18.18 , 18.5 , 18.1 , 18.28 , 18.18 , 18.41 , 23.46 , 23.52 , 23.85 , 23.31 , 23.1 , 0.0 , 23.02 , 18.31
03/11/2022 , 05:57:27 , 22.7 , 18.19 , 18.19 , 18.4 , 18.01 , 18.22 , 18.17 , 18.4 , 23.48 , 23.33 , 23.25 , 23.22 , 23.22 , 0.0 , 23.22 , 18.14
03/11/2022 , 06:12:27 , 22.63 , 18.14 , 18.14 , 18.41 , 18.01 , 18.17 , 18.17 , 18.33 , 23.49 , 23.41 , 23.28 , 23.23 , 23.13 , 0.0 , 22.97 , 18.56
03/11/2022 , 06:27:27 , 22.67 , 18.18 , 18.13 , 18.39 , 18.02 , 18.18 , 18.1 , 18.31 , 23.47 , 23.44 , 23.24 , 23.21 , 23.06 , 0.0 , 22.93 , 18.05
03/11/2022 , 06:42:27 , 22.63 , 18.07 , 18.12 , 18.3 , 17.88 , 18.02 , 18.02 , 18.2 , 23.28 , 23.28 , 23.1 , 23.1 , 22.99 , 0.0 , 22.87 , 18.23
03/11/2022 , 06:57:28 , 22.58 , 17.91 , 17.91 , 18.2 , 17.7 , 17.89 , 17.86 , 18.07 , 23.21 , 23.13 , 22.92 , 22.92 , 22.77 , 0.0 , 22.53 , 17.73
03/11/2022 , 07:12:28 , 22.55 , 18.14 , 18.09 , 18.38 , 17.91 , 18.04 , 18.06 , 18.12 , 23.33 , 23.25 , 23.02 , 23.07 , 22.98 , 0.0 , 23.27 , 18.11
03/11/2022 , 07:27:28 , 22.58 , 17.99 , 17.94 , 18.22 , 17.86 , 18.01 , 17.96 , 18.12 , 23.18 , 23.23 , 22.97 , 22.99 , 22.94 , 0.0 , 22.14 , 17.94
03/11/2022 , 07:42:28 , 22.54 , 18.03 , 18.03 , 18.21 , 17.87 , 17.92 , 17.87 , 18.03 , 23.16 , 23.11 , 22.98 , 22.93 , 22.9 , 0.0 , 22.75 , 17.95
03/11/2022 , 07:57:28 , 22.57 , 18.01 , 18.04 , 18.19 , 17.8 , 17.96 , 17.96 , 18.06 , 23.15 , 23.15 , 22.81 , 22.89 , 22.84 , 0.0 , 22.7 , 17.88
03/11/2022 , 08:12:28 , 22.57 , 17.98 , 18.0 , 18.19 , 17.84 , 17.82 , 17.95 , 18.08 , 23.08 , 23.13 , 22.96 , 22.85 , 23.39 , 0.0 , 22.77 , 17.92
03/11/2022 , 08:27:28 , 22.5 , 17.83 , 17.83 , 18.07 , 17.7 , 17.91 , 17.94 , 17.94 , 23.1 , 23.05 , 22.76 , 22.87 , 22.4 , 0.0 , 22.71 , 17.86
03/11/2022 , 08:42:28 , 22.48 , 17.94 , 17.94 , 18.13 , 17.84 , 18.0 , 17.92 , 18.0 , 23.08 , 23.08 , 22.98 , 22.95 , 22.07 , 0.0 , 22.64 , 17.84
03/11/2022 , 08:57:28 , 22.38 , 17.84 , 17.74 , 17.97 , 17.6 , 17.68 , 17.74 , 17.87 , 22.95 , 22.95 , 22.82 , 22.74 , 22.95 , 0.0 , 22.64 , 17.74
03/11/2022 , 09:12:28 , 22.46 , 17.86 , 17.92 , 18.02 , 17.73 , 17.92 , 17.89 , 17.97 , 23.18 , 23.16 , 22.98 , 23.0 , 22.92 , 0.0 , 22.27 , 17.81
03/11/2022 , 09:27:28 , 22.52 , 17.88 , 17.75 , 17.96 , 17.61 , 17.85 , 17.85 , 17.9 , 23.01 , 23.01 , 22.83 , 22.83 , 22.73 , 0.0 , 22.6 , 17.72
03/11/2022 , 09:42:28 , 22.55 , 17.8 , 17.75 , 17.96 , 17.59 , 17.77 , 17.83 , 17.9 , 23.02 , 23.02 , 22.81 , 22.73 , 22.73 , 0.0 , 22.52 , 17.75
03/11/2022 , 09:57:29 , 22.57 , 17.84 , 17.9 , 18.08 , 17.69 , 17.9 , 17.84 , 18.0 , 23.14 , 23.16 , 22.85 , 22.72 , 22.8 , 0.0 , 22.62 , 17.82
28/11/2022 , 11:16:50 , 24.19 , 19.74 , 19.9 , 20.08 , 19.54 , 19.74 , 19.77 , 19.87 , 25.69 , 25.53 , 25.48 , 25.33 , 25.25 , 0.0 , 25.2 , 19.67
28/11/2022 , 11:20:16 , 24.21 , 19.69 , 19.79 , 19.98 , 19.69 , 19.82 , 19.77 , 19.9 , 25.68 , 25.63 , 25.48 , 25.5 , 25.37 , 0.0 , 24.99 , 19.66
28/11/2022 , 11:22:46 , 24.25 , 19.7 , 19.68 , 19.94 , 19.47 , 19.68 , 19.7 , 19.89 , 25.7 , 25.62 , 25.6 , 25.44 , 25.34 , 0.0 , 25.13 , 20.36
28/11/2022 , 11:24:26 , 24.26 , 19.89 , 19.76 , 20.13 , 19.51 , 19.74 , 19.71 , 19.92 , 25.61 , 25.61 , 25.42 , 25.37 , 25.3 , 0.0 , 25.2 , 19.63
